Data Point Listing of File D:\Samples\Fpraktikum\2023-winter\10112023\export\Spectrum-optimized-46x0MHz.tnt
Starting Point:	1	Ending Point:	512
Real	Imag	Hz
13193936.000	-25592086.000	500000.000
10886445.000	-24276364.000	498046.875
9355250.000	-26245450.000	496093.750
8550207.000	-28591070.000	494140.625
4750330.000	-27998984.000	492187.500
1511091.000	-35297312.000	490234.375
-340588.594	-32494254.000	488281.250
-6317143.500	-37814948.000	486328.125
-7426391.000	-34462884.000	484375.000
-14268730.000	-37585096.000	482421.875
-22700624.000	-35375328.000	480468.750
-29569536.000	-34520872.000	478515.625
-30021384.000	-33392996.000	476562.500
-38168424.000	-22533732.000	474609.375
-36120988.000	-16304486.000	472656.250
-39683424.000	-5879312.000	470703.125
-36515040.000	-3062009.500	468750.000
-36910476.000	7416126.000	466796.875
-32349932.000	8195831.500	464843.750
-30190490.000	11308234.000	462890.625
-25666912.000	14197529.000	460937.500
-21623118.000	13748175.000	458984.375
-18151976.000	12792865.000	457031.250
-12340614.000	18344632.000	455078.125
-9667714.000	13794826.000	453125.000
-9510302.000	14915078.000	451171.875
-4673002.500	16434327.000	449218.750
-4545388.500	15487304.000	447265.625
-4246823.000	12661629.000	445312.500
-1089879.250	12462866.000	443359.375
760661.688	12797558.000	441406.250
867177.438	9495349.000	439453.125
-1212816.500	8596076.000	437500.000
-258759.531	7387113.500	435546.875
-366796.438	6142950.000	433593.750
3310489.750	4803168.500	431640.625
5238834.500	4782806.000	429687.500
6616455.500	9535312.000	427734.375
-516529.125	4554884.000	425781.250
153005.969	5521923.500	423828.125
3633021.250	179044.391	421875.000
3682992.750	1627409.250	419921.875
-328718.219	115634.758	417968.750
2378855.750	1104381.500	416015.625
1390330.625	1344291.750	414062.500
900313.063	-200118.625	412109.375
-106652.461	2538583.000	410156.250
5843267.500	-292358.875	408203.125
-698403.938	-2410896.250	406250.000
274627.406	-203841.734	404296.875
242639.969	-662739.813	402343.750
301950.906	-213057.453	400390.625
308868.469	1294383.125	398437.500
-3139675.000	-977772.500	396484.375
293664.719	1628238.125	394531.250
-3295350.500	1556841.875	392578.125
-1158147.875	750656.063	390625.000
-11439.617	-2001266.500	388671.875
-1036723.625	-3213143.250	386718.750
18026.891	-3078178.000	384765.625
3244878.000	-2725008.750	382812.500
6613714.000	12325666.000	380859.375
-2709862.500	-512014.406	378906.250
-2965647.500	371509.000	376953.125
-362498.813	-1148893.125	375000.000
2100537.750	1424833.750	373046.875
1431495.375	1403599.500	371093.750
178950.078	337112.094	369140.625
-1235503.125	964857.375	367187.500
-2240563.500	1207503.750	365234.375
-2863736.750	-1286002.875	363281.250
-512591.156	-6181958.000	361328.125
-2401640.750	-44846.480	359375.000
1211762.375	-285525.281	357421.875
657908.563	184541.516	355468.750
323218.719	-3435583.500	353515.625
-1652040.375	3463812.750	351562.500
728862.500	-1239787.750	349609.375
-4021238.000	-3216727.750	347656.250
2285655.000	-1022822.438	345703.125
-1280513.500	-719805.625	343750.000
-775381.438	-3114142.500	341796.875
3492803.500	-1682545.000	339843.750
-130045.773	-3596089.500	337890.625
-266472.906	-520799.688	335937.500
1321109.625	872886.563	333984.375
3234878.000	-1723986.625	332031.250
3023659.000	993899.000	330078.125
1076406.500	-2815578.250	328125.000
2190796.250	-3076472.750	326171.875
-1517382.125	-80169.555	324218.750
-2519827.500	-1138991.375	322265.625
-103784.180	-67134.664	320312.500
-1207988.625	-1542445.625	318359.375
-4792882.000	2752590.500	316406.250
255711.016	-336513.031	314453.125
2710580.000	-2540713.250	312500.000
-1535183.625	1324722.250	310546.875
1816772.625	173689.109	308593.750
950944.250	-436451.406	306640.625
-3342072.250	-2644108.000	304687.500
-3001228.000	-615227.063	302734.375
-480836.938	-2577991.750	300781.250
-959779.688	-1577675.375	298828.125
1349597.750	-1544120.500	296875.000
354377.156	4066963.750	294921.875
-507578.219	-899267.875	292968.750
-1945036.125	-2114271.250	291015.625
2461925.000	714641.875	289062.500
1627800.250	903495.313	287109.375
1203688.750	198712.203	285156.250
-968018.375	-228740.406	283203.125
-136417.594	-706035.563	281250.000
-920079.875	234862.859	279296.875
1453823.500	2544999.250	277343.750
3284052.750	-1343099.500	275390.625
-127169.000	240208.672	273437.500
-2189498.750	1679812.375	271484.375
-3496054.000	-6544037.000	269531.250
2223548.250	2330472.000	267578.125
-2119679.000	-2779675.000	265625.000
-914565.188	634771.250	263671.875
-589360.063	-4982980.000	261718.750
309730.281	182797.828	259765.625
3283397.250	1270763.625	257812.500
-2277065.500	-1558635.500	255859.375
-176850.453	8332.812	253906.250
348009.844	-4841553.500	251953.125
-3405419.750	-2487804.500	250000.000
-856404.750	1040616.000	248046.875
-221154.109	169198.984	246093.750
463238.281	-906820.563	244140.625
1430869.000	2019428.750	242187.500
-2170661.250	-562244.438	240234.375
3047710.750	-1288350.875	238281.250
-4423644.500	689841.688	236328.125
-400759.844	-2134983.000	234375.000
-4885840.000	-780817.375	232421.875
-4618034.500	-828980.000	230468.750
3697899.750	525955.938	228515.625
246275.031	1444826.250	226562.500
-467594.688	-23694.617	224609.375
-2523560.250	-1770855.250	222656.250
2561378.250	-3052725.000	220703.125
135669.344	-414931.500	218750.000
-1249019.375	2061167.750	216796.875
807081.563	-694035.875	214843.750
-2561613.750	2412980.000	212890.625
1550768.875	-2059621.875	210937.500
1291244.375	-186102.109	208984.375
168870.891	-982954.625	207031.250
-854204.438	1235265.000	205078.125
-473587.531	-1883398.500	203125.000
-3436514.750	1075262.250	201171.875
-2174104.500	1351142.125	199218.750
1955478.625	-1801849.625	197265.625
292153.000	-1379958.750	195312.500
681837.750	399659.750	193359.375
2825777.250	1665928.750	191406.250
-3441316.750	-1623349.500	189453.125
776296.188	351033.750	187500.000
192539.656	-2398880.250	185546.875
-2181387.000	-26801.291	183593.750
1258332.500	4975230.000	181640.625
1201951.250	1462587.750	179687.500
1801317.750	-185693.016	177734.375
4676172.000	2976750.750	175781.250
-743168.063	-963639.563	173828.125
2775911.500	-2785736.000	171875.000
-3250060.000	2858041.250	169921.875
-3532108.500	-5319809.000	167968.750
7322051.500	-1938872.250	166015.625
-3514452.250	-2294866.750	164062.500
214190.234	1541927.250	162109.375
-97132.297	4504524.500	160156.250
-1146951.375	2470600.000	158203.125
1076150.375	-882647.375	156250.000
4888912.000	-4117413.000	154296.875
-887245.063	-3721572.500	152343.750
-1392874.125	702279.500	150390.625
173985.828	1925546.500	148437.500
3363525.250	-4011841.250	146484.375
5405217.500	-288803.438	144531.250
858417.875	1687762.750	142578.125
-1070487.000	-2269805.750	140625.000
935141.438	7204272.500	138671.875
5566183.500	2182959.250	136718.750
565068.000	-3943923.000	134765.625
666700.938	-5363284.500	132812.500
-3178303.250	1853904.875	130859.375
1372648.750	99452.180	128906.250
425496.031	-813772.750	126953.125
1597694.125	-1350879.875	125000.000
3260656.750	2433195.750	123046.875
4192948.250	-960003.125	121093.750
-1222609.500	1576995.875	119140.625
-2761289.250	82832.164	117187.500
1051966.500	-350359.906	115234.375
-1075955.625	2511623.000	113281.250
660211.688	-2049849.875	111328.125
-5176646.500	-492721.531	109375.000
1911128.375	100007.609	107421.875
298626.031	-3358289.750	105468.750
-395561.000	1381825.250	103515.625
2031528.125	2572369.500	101562.500
-1196680.750	-977211.500	99609.375
585085.750	-189958.406	97656.250
-1132093.000	-1892247.000	95703.125
-3268461.500	2961177.250	93750.000
2870957.750	-3793115.750	91796.875
-2445461.500	-307325.750	89843.750
2764780.500	-3134772.500	87890.625
5150440.500	-1035012.313	85937.500
1221037.625	-5649763.500	83984.375
1509613.875	-72652.391	82031.250
-537732.625	-4690536.000	80078.125
1781464.625	-3616273.750	78125.000
3141531.250	1462975.375	76171.875
-139230.297	1554923.875	74218.750
248362.672	-2204045.500	72265.625
3764709.500	-1299929.625	70312.500
-110326.000	364537.375	68359.375
354227.094	-2442127.250	66406.250
1608788.875	1132683.875	64453.125
4066420.500	-5341096.500	62500.000
805387.375	-4733330.500	60546.875
2864362.250	544779.250	58593.750
-667823.625	1524789.000	56640.625
3308523.500	-1455108.375	54687.500
-2671888.500	-2366364.500	52734.375
-116092.086	-587454.563	50781.250
1922986.000	-4330106.000	48828.125
293783.063	-12526.131	46875.000
1458068.500	-2595498.750	44921.875
-721160.188	1092338.000	42968.750
1063373.000	-795488.750	41015.625
1818812.250	1762633.000	39062.500
-1146021.375	-2379242.500	37109.375
-643217.188	1457384.875	35156.250
1852755.125	-1247559.125	33203.125
2319656.000	142350.828	31250.000
2090324.250	-1563858.250	29296.875
738021.500	890998.313	27343.750
3220221.750	1830110.750	25390.625
5520393.000	-2882918.250	23437.500
-589155.000	-2414692.000	21484.375
7675308.000	1099555.625	19531.250
-1796322.000	-1377322.750	17578.125
-4053954.000	-914790.750	15625.000
-2049360.125	-33954.914	13671.875
-5717571.500	-473805.375	11718.750
-1868784.250	-196822.469	9765.625
202107.375	1104355.125	7812.500
-216042.328	-4263614.500	5859.375
-2699602.000	-1969232.250	3906.250
112075.008	-1416267.000	1953.125
-19464992.000	275638.719	0.000
-3186403.500	-1251709.750	-1953.125
2023339.000	192693.672	-3906.250
1250813.125	1786339.750	-5859.375
677425.063	-801214.188	-7812.500
-1526777.875	1833007.375	-9765.625
2615913.750	-2066696.250	-11718.750
-152637.828	-825702.688	-13671.875
2112356.250	738677.688	-15625.000
1739066.875	3432785.500	-17578.125
1418813.250	-2802074.500	-19531.250
-1005850.875	-3107925.250	-21484.375
4865078.500	-1432793.500	-23437.500
6213637.000	-4131699.750	-25390.625
-654871.375	-1473507.250	-27343.750
-663056.875	1425406.500	-29296.875
-423217.531	-2414185.250	-31250.000
-1681161.875	2523830.000	-33203.125
2278974.000	255809.656	-35156.250
3934845.500	-2157091.500	-37109.375
2225563.500	5259056.000	-39062.500
1574865.375	-4015494.000	-41015.625
3400283.500	1344154.125	-42968.750
1701488.750	-109126.375	-44921.875
580215.750	419878.594	-46875.000
4933956.500	601155.313	-48828.125
4170942.500	-2381578.750	-50781.250
803971.938	-852118.813	-52734.375
-3349886.750	-2165637.500	-54687.500
1988109.125	-841580.063	-56640.625
-752248.750	-3497392.500	-58593.750
3404290.000	-3493633.500	-60546.875
-2298296.000	-479007.219	-62500.000
-1190702.875	366188.313	-64453.125
2358875.000	406867.656	-66406.250
2448194.500	497194.344	-68359.375
4355968.000	-683588.750	-70312.500
4010383.500	469406.125	-72265.625
1522277.000	719292.688	-74218.750
-2142239.000	-841904.125	-76171.875
842361.813	-2878139.750	-78125.000
3689865.250	-800784.813	-80078.125
1960965.625	-3601979.250	-82031.250
1336239.625	744096.063	-83984.375
177302.109	-3232831.000	-85937.500
5113091.000	-217565.016	-87890.625
-260035.422	3532329.500	-89843.750
-1603523.125	-375792.781	-91796.875
-659166.063	-2822619.500	-93750.000
752129.125	3289054.000	-95703.125
-1173809.750	1125281.375	-97656.250
806949.375	-3788688.000	-99609.375
-3171495.750	-2259076.500	-101562.500
2002189.750	-2899459.250	-103515.625
-113236.719	-341757.688	-105468.750
-1138410.000	-1380677.250	-107421.875
-1583132.500	91663.336	-109375.000
-1369372.000	-1466859.625	-111328.125
1883820.500	-1620212.125	-113281.250
-835336.625	-1467533.000	-115234.375
-2347512.500	488625.531	-117187.500
745058.625	-825492.688	-119140.625
541655.125	-2575686.500	-121093.750
3389824.000	1518538.250	-123046.875
765181.625	-4726072.000	-125000.000
-273134.938	-144187.250	-126953.125
669507.250	-4574899.000	-128906.250
2363464.500	-1287728.000	-130859.375
-1977323.875	-831629.938	-132812.500
-266108.219	-2128661.000	-134765.625
-2653815.250	-122143.281	-136718.750
485662.938	-3188056.000	-138671.875
-1188533.375	-2997901.500	-140625.000
1911439.125	-3199934.000	-142578.125
402277.469	1681439.500	-144531.250
761823.750	3222226.750	-146484.375
1333868.250	5974937.000	-148437.500
3744271.000	-1159731.625	-150390.625
1228868.250	-1913200.375	-152343.750
-4347113.000	3595423.750	-154296.875
-3669330.000	1624748.875	-156250.000
3142242.500	1230080.125	-158203.125
37851.070	-2820493.250	-160156.250
2766711.750	-4353057.000	-162109.375
2265536.750	-3618950.500	-164062.500
-2199758.750	1573749.875	-166015.625
-889706.250	-824945.250	-167968.750
1723573.750	-2465467.000	-169921.875
2675884.750	1391810.250	-171875.000
3428105.500	1030268.250	-173828.125
1230845.625	2071289.000	-175781.250
1853567.375	4422536.500	-177734.375
6096700.000	-2990580.750	-179687.500
1324782.750	1629732.250	-181640.625
3020294.500	-675979.375	-183593.750
-1062234.000	655537.500	-185546.875
1915344.375	-5570965.500	-187500.000
263022.781	1515228.500	-189453.125
3681426.250	1726913.125	-191406.250
2871621.250	-3921169.000	-193359.375
272189.969	-76839.172	-195312.500
-2720082.500	331534.844	-197265.625
391388.094	634942.625	-199218.750
2303997.000	-2721561.250	-201171.875
3110990.000	278791.906	-203125.000
3628251.500	-2109157.750	-205078.125
5804425.000	751704.938	-207031.250
-3460362.750	-3471534.750	-208984.375
818264.500	-5426496.500	-210937.500
-3164466.250	-1749178.500	-212890.625
-5665264.000	2631674.250	-214843.750
600763.063	-382694.313	-216796.875
2770313.750	-1088414.375	-218750.000
2477238.250	984772.188	-220703.125
-4448589.000	1110197.125	-222656.250
10124100.000	-3865648.750	-224609.375
1474225.750	1155066.125	-226562.500
2169468.500	1383341.625	-228515.625
1494277.000	1095813.125	-230468.750
-753139.625	-230376.625	-232421.875
1290276.500	-717998.500	-234375.000
2254100.500	-2067769.375	-236328.125
1900932.125	-2813995.000	-238281.250
2472182.000	-57108.184	-240234.375
9865.377	2466598.250	-242187.500
747661.438	1618374.000	-244140.625
-1041433.750	-318144.563	-246093.750
-4295637.500	2742606.250	-248046.875
1590564.750	2861800.500	-250000.000
2054286.000	-4835036.500	-251953.125
-248538.719	-778058.938	-253906.250
2458577.250	-1538333.375	-255859.375
1769806.875	-56377.180	-257812.500
2188096.000	3400354.750	-259765.625
2332577.000	-9462.989	-261718.750
4258943.500	-3915259.750	-263671.875
-873251.375	-494338.438	-265625.000
1818805.375	218551.500	-267578.125
4318815.000	-5591695.000	-269531.250
2326452.000	-2916000.750	-271484.375
4764396.500	-691111.188	-273437.500
2604706.000	-880023.188	-275390.625
1094539.875	1163359.250	-277343.750
3119289.750	19452.154	-279296.875
688418.313	-5950437.000	-281250.000
3743494.000	-3977873.250	-283203.125
4219319.000	3059748.500	-285156.250
-42374.875	3427346.250	-287109.375
-2277666.250	-2763141.750	-289062.500
3295487.000	-2864984.750	-291015.625
6127795.500	223745.422	-292968.750
2191899.750	254480.922	-294921.875
890328.063	-2742552.000	-296875.000
2830591.750	-4629559.000	-298828.125
-243364.766	1142560.125	-300781.250
212910.641	-334592.906	-302734.375
-1174716.000	1220174.250	-304687.500
3124056.500	-1779333.625	-306640.625
273376.844	-4167890.250	-308593.750
6404044.000	-2032566.000	-310546.875
1326256.250	1049931.750	-312500.000
847625.688	-4095632.500	-314453.125
-859041.938	-1146581.750	-316406.250
1500952.875	-3109147.750	-318359.375
3182634.250	965704.375	-320312.500
4155635.250	-186075.438	-322265.625
-2419550.250	-463601.469	-324218.750
3659588.250	1101424.250	-326171.875
-824312.000	-2727788.000	-328125.000
5725279.000	-1251931.625	-330078.125
321548.500	-1804923.125	-332031.250
1569939.000	779901.625	-333984.375
946521.250	-2787596.000	-335937.500
-2448501.000	454107.531	-337890.625
1332642.375	1792502.250	-339843.750
6027116.500	-1409460.375	-341796.875
1436337.125	1461251.750	-343750.000
-1699290.000	-395571.438	-345703.125
365488.250	-3251563.750	-347656.250
4900374.000	-2619246.750	-349609.375
2522016.750	-308810.406	-351562.500
3011404.500	3419003.000	-353515.625
-112982.406	-1902714.125	-355468.750
5155702.000	-658384.313	-357421.875
2894138.250	1238349.375	-359375.000
1133525.250	-15343.156	-361328.125
7402655.500	-689815.625	-363281.250
2870464.250	-884653.875	-365234.375
3956776.000	-952998.750	-367187.500
2482526.000	1330171.750	-369140.625
4394214.500	-1174628.875	-371093.750
4429029.000	-3622416.750	-373046.875
6120274.500	-2836097.500	-375000.000
2899579.750	-1875972.625	-376953.125
8376887.500	-2639267.250	-378906.250
3398575.500	1453813.625	-380859.375
2204844.000	-2692759.000	-382812.500
2073681.625	-114530.891	-384765.625
1888069.875	-3009399.750	-386718.750
3031281.500	-4331864.500	-388671.875
2683159.750	-4260488.500	-390625.000
4955851.000	-2058227.000	-392578.125
4482468.000	-1923204.750	-394531.250
736956.563	-7432310.000	-396484.375
3072277.000	-7016756.000	-398437.500
-3277079.250	-4896373.000	-400390.625
1063301.250	-5754538.000	-402343.750
3146285.000	-5283865.000	-404296.875
3923221.000	-3149873.500	-406250.000
840311.188	-6108780.000	-408203.125
-1606016.625	-5010765.500	-410156.250
3489806.750	-5524462.000	-412109.375
2246558.750	-7499792.000	-414062.500
-873452.750	-6623199.500	-416015.625
-2379836.000	-3410975.500	-417968.750
3215112.750	-4510980.500	-419921.875
-512048.094	-4495453.000	-421875.000
-1930447.500	-1953545.750	-423828.125
1625680.500	-338319.031	-425781.250
837674.500	-5133413.500	-427734.375
-4026371.750	-928820.563	-429687.500
635173.438	1717513.875	-431640.625
-1294596.125	3489087.250	-433593.750
368984.719	-718832.563	-435546.875
2644877.000	2190511.500	-437500.000
-327595.656	2390781.500	-439453.125
2920621.500	1063306.000	-441406.250
1020917.375	2577412.500	-443359.375
506947.125	2244795.000	-445312.500
3071280.500	-655581.750	-447265.625
4059157.000	1205275.125	-449218.750
1622042.500	4889925.500	-451171.875
6266033.500	484563.313	-453125.000
5422429.000	3781338.750	-455078.125
4919045.000	5790737.000	-457031.250
5642277.500	4206401.000	-458984.375
4780076.500	1144118.500	-460937.500
5979920.000	5213215.500	-462890.625
10407019.000	2659779.000	-464843.750
8922468.000	992516.375	-466796.875
8553646.000	609990.938	-468750.000
7565292.000	-1862173.125	-470703.125
12767025.000	223097.516	-472656.250
12041320.000	-710084.375	-474609.375
10122055.000	-3456944.500	-476562.500
15541432.000	-4664978.500	-478515.625
14442265.000	-8114429.000	-480468.750
15191247.000	-4584646.500	-482421.875
13306146.000	-9697624.000	-484375.000
14379582.000	-7990439.500	-486328.125
16263659.000	-10496617.000	-488281.250
14711703.000	-11114673.000	-490234.375
14007002.000	-12684418.000	-492187.500
13650845.000	-15903104.000	-494140.625
14279982.000	-14747187.000	-496093.750
14948241.000	-21622168.000	-498046.875
