Data Point Listing of File D:\Samples\Fpraktikum\2023-winter\10112023\Spectrum-optimized-45x2MHz.tnt
Starting Point:	1	Ending Point:	512
Real	Imag	Hz
1117149.375	5159997.000	500000.000
1887511.625	591031.188	498046.875
2387883.000	2177932.250	496093.750
1579956.125	-46809.586	494140.625
2678228.000	521602.844	492187.500
1254532.250	1311057.500	490234.375
587402.688	23072.984	488281.250
1039963.875	919003.750	486328.125
112058.219	-332378.313	484375.000
1534758.750	-1148051.000	482421.875
554068.375	2313385.250	480468.750
1836457.750	1889114.875	478515.625
937303.063	-133764.516	476562.500
1002909.250	764604.438	474609.375
1382762.625	2730222.750	472656.250
1758582.000	1397538.250	470703.125
543659.063	13364.142	468750.000
1752255.125	389119.500	466796.875
2072403.375	1265863.250	464843.750
1971523.625	1703792.125	462890.625
1066916.875	1460248.625	460937.500
549150.375	2520320.250	458984.375
1523870.250	1760929.250	457031.250
497516.125	721686.500	455078.125
-1355115.375	751892.063	453125.000
799192.750	1682961.250	451171.875
1716144.625	2305154.000	449218.750
816962.500	1388897.750	447265.625
1426873.875	3126490.500	445312.500
899794.625	1470398.000	443359.375
2235725.500	3612842.500	441406.250
189020.594	2652021.000	439453.125
2469967.500	3469015.000	437500.000
1947920.875	3698507.750	435546.875
2992253.750	4030284.500	433593.750
2307740.250	3642572.250	431640.625
3171977.750	4296468.500	429687.500
5187325.500	4660697.000	427734.375
3587354.250	3990027.500	425781.250
4405193.000	4477316.000	423828.125
4027932.250	4358958.500	421875.000
4816501.000	2835536.250	419921.875
3890189.000	4577281.000	417968.750
5152124.000	4258535.000	416015.625
5445143.500	3916074.000	414062.500
4856284.500	4651366.000	412109.375
7501879.500	4353688.000	410156.250
6385194.000	4064208.000	408203.125
5510328.000	3680632.750	406250.000
7341892.500	3629108.500	404296.875
6072371.500	1789662.875	402343.750
4314917.000	2382784.000	400390.625
7958355.000	1040100.500	398437.500
7954676.000	599295.938	396484.375
7267365.000	-1682653.000	394531.250
6295359.000	-684370.313	392578.125
8305010.000	-871622.063	390625.000
7049044.000	1565317.875	388671.875
7013925.000	-2495360.250	386718.750
5002236.500	-1265490.375	384765.625
4846488.000	-1255914.875	382812.500
3356426.500	935311.875	380859.375
5329810.000	-1563821.375	378906.250
2380877.750	-3205851.250	376953.125
1579314.875	-889843.063	375000.000
1000770.500	-2286032.000	373046.875
738131.313	491381.219	371093.750
493347.719	-76690.414	369140.625
702728.813	131659.438	367187.500
-1678626.875	2565581.000	365234.375
-1809225.000	1617856.000	363281.250
-3063077.750	4276538.000	361328.125
-1798690.500	3530361.750	359375.000
-2559347.250	4498049.500	357421.875
-3794008.000	5635548.500	355468.750
-4505485.000	7917597.000	353515.625
-3516062.250	8418562.000	351562.500
-6106949.500	10130007.000	349609.375
-4468611.500	13560744.000	347656.250
-3879663.500	13176669.000	345703.125
-4343824.500	17112000.000	343750.000
-3788691.500	18787816.000	341796.875
-533161.188	21468842.000	339843.750
-3115732.000	25008264.000	337890.625
1662013.125	26789794.000	335937.500
1882502.125	29841404.000	333984.375
5521402.000	31074638.000	332031.250
6674827.500	32996124.000	330078.125
9678860.000	38206004.000	328125.000
14743255.000	37940544.000	326171.875
17315712.000	41364260.000	324218.750
19962066.000	43931360.000	322265.625
27065836.000	44893640.000	320312.500
30739168.000	49130988.000	318359.375
39748988.000	52294088.000	316406.250
43933244.000	51378452.000	314453.125
51579560.000	49609060.000	312500.000
60514004.000	49509340.000	310546.875
68742184.000	50372172.000	308593.750
78967352.000	47787292.000	306640.625
88765368.000	43965752.000	304687.500
99857304.000	38839984.000	302734.375
111439464.000	30353628.000	300781.250
119661408.000	23988006.000	298828.125
132490696.000	12888277.000	296875.000
144309024.000	56872.289	294921.875
154821712.000	-18468894.000	292968.750
162099584.000	-35051680.000	291015.625
169712416.000	-58510892.000	289062.500
171431536.000	-87735960.000	287109.375
170332160.000	-117807000.000	285156.250
159292096.000	-152072176.000	283203.125
141641456.000	-186675984.000	281250.000
109690272.000	-218045248.000	279296.875
68412216.000	-239671584.000	277343.750
19189996.000	-245860192.000	275390.625
-22447112.000	-238178832.000	273437.500
-62264124.000	-220248848.000	271484.375
-88723200.000	-197461456.000	269531.250
-110858720.000	-175285408.000	267578.125
-127872936.000	-146504448.000	265625.000
-133456592.000	-119483240.000	263671.875
-140131072.000	-97367648.000	261718.750
-141459120.000	-74007064.000	259765.625
-139520816.000	-55308664.000	257812.500
-132536544.000	-36803000.000	255859.375
-129132224.000	-22540876.000	253906.250
-116140600.000	-5528949.000	251953.125
-109027920.000	6095571.000	250000.000
-100889656.000	12810421.000	248046.875
-89151448.000	23703874.000	246093.750
-82757688.000	26009220.000	244140.625
-72237280.000	32430382.000	242187.500
-62364516.000	35043588.000	240234.375
-54769820.000	34781428.000	238281.250
-44447844.000	36970160.000	236328.125
-38511132.000	37683976.000	234375.000
-35910620.000	36333980.000	232421.875
-25957844.000	35591112.000	230468.750
-21507046.000	32751568.000	228515.625
-18330188.000	30087490.000	226562.500
-13637161.000	28521680.000	224609.375
-9173094.000	22851832.000	222656.250
-7108230.500	22559938.000	220703.125
-4578679.500	20226364.000	218750.000
-1447282.750	18693750.000	216796.875
-447014.969	17200194.000	214843.750
1222838.125	12390660.000	212890.625
2046336.625	8890434.000	210937.500
3116852.500	8159979.500	208984.375
5296846.500	8249725.000	207031.250
6425821.500	7277623.500	205078.125
2944561.500	6763048.500	203125.000
16926382.000	11980586.000	201171.875
-25458078.000	-15660237.000	199218.750
-8719614.000	-2383810.250	197265.625
-7211495.000	-2061196.750	195312.500
-4597700.000	-1169029.875	193359.375
-6308333.500	-4491589.000	191406.250
-8555323.000	-5381717.500	189453.125
-4660730.000	-4993004.000	187500.000
-5412866.500	-5363250.500	185546.875
-6637598.500	-5974828.000	183593.750
-6228600.000	-5144761.000	181640.625
-6462261.500	-5518320.500	179687.500
-6436762.500	-5701859.500	177734.375
-7788448.500	-762340.813	175781.250
-7273089.000	-4532339.500	173828.125
-9996020.000	-1927140.625	171875.000
-10036233.000	-3333476.750	169921.875
-10183688.000	-2151260.000	167968.750
-9114520.000	-1942276.250	166015.625
-9664352.000	-908618.438	164062.500
-9654840.000	-64502.445	162109.375
-10558604.000	-2890791.750	160156.250
-8073040.000	-258544.750	158203.125
-7856823.000	110750.750	156250.000
-6208874.000	-1007073.375	154296.875
-9011308.000	-916511.125	152343.750
-7108646.000	1306461.375	150390.625
-7813381.500	1970811.375	148437.500
-5733699.500	2956661.250	146484.375
-6031833.000	1277140.750	144531.250
-6230228.500	1653204.000	142578.125
-5275344.500	632337.375	140625.000
-2747780.250	242898.844	138671.875
-4160649.750	2450954.000	136718.750
-4509839.000	341489.406	134765.625
-6164366.500	400859.656	132812.500
-5049877.000	-52935.980	130859.375
-1346493.000	991023.688	128906.250
-5688885.500	984489.375	126953.125
-635499.813	-2852111.000	125000.000
-2681264.250	1094960.125	123046.875
-2727374.000	-721237.063	121093.750
-2986337.000	1993530.875	119140.625
-3432719.000	-1210489.750	117187.500
-2161816.250	-1386767.750	115234.375
-3840763.500	-2952170.500	113281.250
-2775173.000	51457.219	111328.125
-3731652.500	-1426625.000	109375.000
-3818837.000	-2325828.250	107421.875
-4621466.500	-3536701.750	105468.750
-4200062.000	-2474238.000	103515.625
-4174210.000	-3217003.750	101562.500
-3920756.500	-402546.688	99609.375
-6586850.000	-1635946.625	97656.250
-3837419.000	-4241373.000	95703.125
-5038610.000	-1007552.875	93750.000
-4014108.750	-2344048.000	91796.875
-4185357.250	-1841763.500	89843.750
-6001892.500	-4278643.500	87890.625
-4037159.750	-2026909.750	85937.500
-5144823.500	-294986.813	83984.375
-5166187.000	-675942.438	82031.250
-8570888.000	-872944.938	80078.125
-7212565.500	-102058.617	78125.000
-5120091.000	-1537490.375	76171.875
-7235805.000	-1292064.750	74218.750
-6045287.000	-2579974.250	72265.625
-6533396.500	1109121.125	70312.500
-5125154.500	701609.000	68359.375
-5832968.500	-1664062.125	66406.250
-6705903.500	307009.531	64453.125
-4611528.000	-346728.125	62500.000
-3211316.500	-539801.438	60546.875
-4473930.500	798616.125	58593.750
-2625523.500	2031487.500	56640.625
-2874710.500	831648.063	54687.500
-3583875.500	1471877.000	52734.375
-2813837.750	3050151.000	50781.250
-6853177.000	-508140.063	48828.125
-3744438.750	-726922.563	46875.000
-3574778.500	1891587.125	44921.875
-3344381.750	-1306071.750	42968.750
-3756348.000	-115177.086	41015.625
-4005885.000	1485348.125	39062.500
-3126724.750	433730.969	37109.375
-2312514.500	405003.625	35156.250
-5064027.000	1344648.500	33203.125
-2154390.750	406891.938	31250.000
-3782981.500	128737.516	29296.875
-2088545.375	-430932.844	27343.750
-1296268.125	1901043.125	25390.625
-3854921.000	-828887.500	23437.500
-1139097.750	-458898.594	21484.375
-4549611.000	1780181.125	19531.250
-2246384.000	1175384.750	17578.125
-2999188.500	-23644.016	15625.000
-2599720.750	705607.250	13671.875
-2258358.750	2448686.500	11718.750
-3321538.000	1506722.000	9765.625
-4049080.750	-893590.063	7812.500
-1739230.875	983751.125	5859.375
-3066495.750	-1514615.625	3906.250
-3431003.250	-1146327.625	1953.125
-648558.125	1304245.750	0.000
-2435779.500	-1775632.125	-1953.125
-2229454.500	-975562.875	-3906.250
-2520456.250	-2186459.750	-5859.375
-1811945.875	328725.594	-7812.500
-6208507.500	-526347.125	-9765.625
-2176339.500	9774.953	-11718.750
-2458646.250	-1145051.625	-13671.875
-3032503.750	232325.516	-15625.000
-3704181.000	145036.922	-17578.125
-3185429.000	2583412.750	-19531.250
-4977311.000	2319091.000	-21484.375
-3304539.750	-165453.375	-23437.500
-1437547.250	1862676.250	-25390.625
-1795490.625	714170.750	-27343.750
-2197125.000	4427190.000	-29296.875
-406600.063	-2156631.000	-31250.000
-645584.125	1130886.500	-33203.125
-37034.188	881745.875	-35156.250
2310410.250	-1675158.875	-37109.375
-1360016.250	-781458.250	-39062.500
-505980.531	-1115838.500	-41015.625
1216841.750	531505.750	-42968.750
1526556.500	-630478.875	-44921.875
-1214139.125	-1868273.625	-46875.000
-1237644.875	-2464261.250	-48828.125
-4002799.250	243032.516	-50781.250
-2156481.500	-902448.875	-52734.375
241829.406	-2049112.000	-54687.500
-1871921.500	20887.758	-56640.625
-2402882.000	-1566080.750	-58593.750
-2010876.625	-508571.000	-60546.875
174112.484	-4053051.750	-62500.000
-194364.734	-2081514.125	-64453.125
-4289933.500	573319.500	-66406.250
-2520782.000	1240492.750	-68359.375
-3293278.250	-888075.188	-70312.500
-1813355.000	-1049103.875	-72265.625
-1753521.000	-843378.250	-74218.750
-3452457.250	-1206295.375	-76171.875
-1270449.125	-56339.086	-78125.000
-1690085.000	-2185176.000	-80078.125
-2509079.500	-2845848.250	-82031.250
-1175569.750	835057.938	-83984.375
-5844069.000	-3555881.500	-85937.500
-3095611.250	114868.961	-87890.625
-3249893.500	611312.000	-89843.750
-1059573.375	-1771220.375	-91796.875
-4246374.000	1143612.500	-93750.000
-1757846.250	-119936.977	-95703.125
-281575.219	-1749526.000	-97656.250
-3140966.250	-140888.813	-99609.375
-1613534.250	586245.250	-101562.500
-3126553.250	-328587.531	-103515.625
-1169331.125	-1616098.750	-105468.750
-2948809.250	2316915.500	-107421.875
-4288362.000	-93755.289	-109375.000
527363.063	89508.227	-111328.125
-1717175.750	1724644.250	-113281.250
-245538.234	-1385603.000	-115234.375
-1433607.375	577378.250	-117187.500
-3212505.500	-820882.000	-119140.625
-1271253.125	29859.352	-121093.750
-1379942.875	385655.313	-123046.875
-131722.063	-942476.375	-125000.000
154130.844	-405154.063	-126953.125
-2962609.500	-703410.250	-128906.250
-1736332.500	2432276.750	-130859.375
-1256650.250	1124500.875	-132812.500
-2017513.500	622148.938	-134765.625
-762962.000	512200.656	-136718.750
-339909.156	1870622.000	-138671.875
-1910398.125	694637.750	-140625.000
358020.344	1869807.500	-142578.125
-1199647.250	464170.875	-144531.250
-2027977.125	-1560507.625	-146484.375
-687186.313	1644260.125	-148437.500
-3224342.500	1137854.625	-150390.625
-755206.813	-216112.328	-152343.750
293397.875	-1123686.000	-154296.875
-2045387.250	1322341.250	-156250.000
-1004824.875	650594.813	-158203.125
-1491815.000	-1057877.750	-160156.250
-204082.766	-2044307.250	-162109.375
-3477902.500	79951.148	-164062.500
-951000.563	699447.375	-166015.625
-1249504.625	300504.813	-167968.750
-868587.000	-1380658.500	-169921.875
-1752658.875	-926683.250	-171875.000
1045835.688	-1862959.000	-173828.125
-2712983.500	-347916.344	-175781.250
-2183820.000	-765148.938	-177734.375
-2172686.000	1778580.000	-179687.500
-1950426.750	-1157627.125	-181640.625
-1012711.250	-762193.188	-183593.750
-3231387.500	-2200731.250	-185546.875
-1005361.563	1613756.250	-187500.000
-432930.375	431524.625	-189453.125
-671197.063	-642972.188	-191406.250
-561601.188	290612.406	-193359.375
-4100919.500	-766475.438	-195312.500
-1434148.250	190628.906	-197265.625
-1107906.250	-6588447.500	-199218.750
-782597.500	1711937.250	-201171.875
1097028.125	-778977.813	-203125.000
-2705028.500	1265523.250	-205078.125
-1829822.625	-335831.875	-207031.250
-1298542.125	-1708879.125	-208984.375
342239.688	-1425301.000	-210937.500
-2286545.750	-1048407.438	-212890.625
-1329456.875	251169.984	-214843.750
-3497169.000	-95951.563	-216796.875
-2547417.250	1267429.500	-218750.000
-2402907.250	493096.656	-220703.125
-734621.688	1279659.625	-222656.250
-1558936.375	1979174.875	-224609.375
1149327.750	-16766.916	-226562.500
413943.125	2359756.750	-228515.625
-1413520.625	4980554.500	-230468.750
-2615242.750	-1049374.750	-232421.875
955007.063	893618.938	-234375.000
1712516.375	-3365981.000	-236328.125
-458708.656	2054993.750	-238281.250
768998.438	-1421881.375	-240234.375
-1059019.625	-974263.000	-242187.500
-1374349.625	-307898.344	-244140.625
-1744183.500	1128485.875	-246093.750
-714098.625	-1804411.375	-248046.875
-361314.594	-1801411.750	-250000.000
-483938.219	52530.254	-251953.125
-446229.625	-20258.609	-253906.250
2183506.000	469786.188	-255859.375
1181029.500	942648.250	-257812.500
-2207050.000	1028642.375	-259765.625
253308.266	2935832.250	-261718.750
-137444.578	-36278.820	-263671.875
3564188.750	634133.375	-265625.000
462101.344	2226137.500	-267578.125
-219316.234	-1124065.000	-269531.250
3051362.250	-502075.500	-271484.375
65901.641	13937.074	-273437.500
-2232781.250	-264409.844	-275390.625
-874667.375	1378190.750	-277343.750
-602545.500	1065578.750	-279296.875
279597.094	1246523.125	-281250.000
-1929358.500	2126082.000	-283203.125
-581522.250	1639825.125	-285156.250
1064867.125	-2040640.875	-287109.375
851144.438	623527.125	-289062.500
-226302.797	-1081744.625	-291015.625
-23903.215	466599.250	-292968.750
-109651.398	3001220.000	-294921.875
3970033.250	2514980.250	-296875.000
5813663.000	3004091.750	-298828.125
-9099939.000	-5507271.000	-300781.250
-3643668.250	268228.406	-302734.375
-2340223.250	-2968512.750	-304687.500
-1137226.250	1624740.125	-306640.625
-3527641.000	-1122384.875	-308593.750
-1508138.125	-1797615.500	-310546.875
-1663294.875	166322.297	-312500.000
-2616477.500	-914772.688	-314453.125
-679117.688	-2522224.500	-316406.250
-1339698.125	-1556241.000	-318359.375
3293061.000	2391512.750	-320312.500
988420.875	668121.875	-322265.625
-278808.313	-1095319.375	-324218.750
2287111.500	-1095532.750	-326171.875
867432.250	1239856.125	-328125.000
2870704.250	-35976.000	-330078.125
269683.813	-502272.438	-332031.250
1370307.500	1477567.375	-333984.375
134627.125	-713210.938	-335937.500
-689803.875	-279984.750	-337890.625
623560.688	-554760.375	-339843.750
1138587.500	-2260010.000	-341796.875
-146729.609	47188.086	-343750.000
-366027.094	1705730.375	-345703.125
-1445516.750	-2323425.250	-347656.250
-1379901.750	-1115445.500	-349609.375
-1596659.875	518339.969	-351562.500
1588879.000	638275.500	-353515.625
-1445624.750	-2684122.250	-355468.750
-342390.656	-572110.875	-357421.875
6511.746	-1405249.125	-359375.000
-164714.516	-496935.000	-361328.125
-1306195.125	-178275.313	-363281.250
-2011000.750	-616236.938	-365234.375
-2650758.500	-809904.188	-367187.500
902051.875	-609814.063	-369140.625
243235.531	436088.125	-371093.750
-285222.313	-1891407.875	-373046.875
1043988.875	491299.906	-375000.000
1236200.500	-1403794.125	-376953.125
-37707.973	-5553.882	-378906.250
-191164.453	-298767.469	-380859.375
-930212.188	-2246250.500	-382812.500
815473.688	-738698.250	-384765.625
506405.656	1050588.250	-386718.750
1601828.000	-2157439.750	-388671.875
435820.313	-1189167.625	-390625.000
-212164.031	-1841427.625	-392578.125
-1014258.063	-794840.688	-394531.250
-282816.906	-2383483.750	-396484.375
-964596.875	-6381521.000	-398437.500
104364.008	16818034.000	-400390.625
-823130.813	2581429.000	-402343.750
-1548602.000	2224004.000	-404296.875
-180485.297	1214682.125	-406250.000
644051.438	1247520.500	-408203.125
-849033.188	-541823.438	-410156.250
-959334.938	1104759.250	-412109.375
764105.938	1614727.250	-414062.500
125672.141	769915.063	-416015.625
-716287.313	3326851.750	-417968.750
167044.422	1252261.125	-419921.875
164969.781	-1242892.375	-421875.000
169652.234	967300.688	-423828.125
760996.438	1032599.000	-425781.250
-760267.750	2606827.500	-427734.375
-925337.625	-482184.781	-429687.500
-1000454.063	62260.023	-431640.625
-1335466.250	745666.188	-433593.750
-1700455.625	1361728.500	-435546.875
-313262.781	1307762.625	-437500.000
1480876.375	1982104.125	-439453.125
538058.063	1455634.625	-441406.250
178642.828	687632.188	-443359.375
-1060222.875	-120770.961	-445312.500
311029.031	851466.563	-447265.625
1011354.688	625581.000	-449218.750
877361.438	-761323.125	-451171.875
1900898.125	1356565.125	-453125.000
2224363.000	1769326.250	-455078.125
246247.281	1611325.500	-457031.250
330755.188	1333853.000	-458984.375
-110019.273	860670.938	-460937.500
24918.797	2391024.750	-462890.625
666222.938	2070814.875	-464843.750
599089.313	394551.313	-466796.875
1064897.500	456355.313	-468750.000
1696835.500	651399.188	-470703.125
333758.094	-78693.148	-472656.250
1727684.625	-196146.563	-474609.375
1832515.625	527773.125	-476562.500
1056301.250	1643149.625	-478515.625
1135439.500	337552.781	-480468.750
1956408.000	-622478.188	-482421.875
1439486.125	1026451.563	-484375.000
1095625.375	2110816.000	-486328.125
312491.531	1974577.500	-488281.250
1745402.500	1994553.875	-490234.375
2055022.625	-883321.125	-492187.500
2477789.750	1029533.125	-494140.625
1151333.750	1842682.000	-496093.750
3785795.500	818075.625	-498046.875
